108
256
241
387
352
171
625
609
334
417
50
398
7
519
114
602
581
442
504
594
418
93
240
464
222
16
523
271
573
459
611
42
189
401
489
636
44
433
116
522
429
317
561
462
513
463
479
396
186
266
386
168
330
301
571
400
326
645
220
29
121
373
410
643
72
64
507
276
364
626
309
231
340
381
424
548
487
163
161
324
279
461
162
260
126
473
262
393
390
448
257
539
639
310
133
335
397
230
217
598
34
76
395
485
255
382
112
407
520
637
385
213
392
555
118
510
297
646
172
206
316
110
152
250
210
188
198
20
495
399
509
439
449
111
57
552
658
538
445
531
200
235
379
635
82
336
559
337
8
496
349
100
526
498
584
640
216
544
318
585
333
122
654
346
96
593
199
419
532
31
354
444
332
536
269
123
139
145
441
366
306
299
201
218
380
249
629
268
563
77
500
339
284
432
14
615
551
302
3
185
589
247
328
244
90
655
91
412
443
141
92
596
481
453
67
595
226
649
232
169
315
59
402
347
484
588
470
383
107
267
368
23
192
224
457
488
28
422
648
289
376
68
525
505
344
438
446
81
503
378
124
84
209
353
130
348
27
264
554
590
327
319
514
62
273
251
155
529
491
572
298
440
357
99
229
476
308
506
46
545
205
53
30
88
566
404
144
530
621
574
413
451
127
583
553
125
482
305
60
278
307
41
478
546
196
215
63
290
227
414
517
237
85
586
151
406
134
557
578
117
423
164
243
147
641
223
40
26
281
367
160
642
431
265
411
73
560
115
45
158
38
52
497
32
450
620
280
263
472
562
97
591
294
314
375
113
644
511
603
512
106
582
403
612
176
466
75
25
18
549
148
47
447
252
363
239
191
129
627
493
17
219
197
601
303
567
494
320
580
321
136
142
119
657
524
576
653
137
193
109
570
4
537
295
515
480
483
377
468
323
360
384
221
420
616
175
311
569
343
460
5
304
104
550
24
234
159
11
166
143
149
74
631
156
325
203
195
618
248
286
613
312
246
285
575
39
283
228
131
274
15
475
65
342
374
150
558
259
656
128
350
2
132
83
394
389
12
528
564
277
358
95
540
345
103
140
153
1
518
605
71
359
33
179
607
416
623
604
425
638
477
391
458
426
101
632
66
568
89
69
452
351
469
207
409
178
329
180
647
565
254
542
614
173
467
369
331
105
356
138
456
634
190
102
388
630
436
579
408
322
51
362
535
427
341
619
242
434
98
79
430
370
371
291
454
13
474
592
6
599
502
61
10
120
650
610
187
543
54
233
597
35
624
37
204
300
87
174
238
437
313
471
194
628
600
245
293
58
415
208
19
181
55
372
282
622
288
533
365
617
157
606
556
633
287
435
521
49
527
338
272
86
541
455
258
94
184
587
534
490
292
296
154
421
253
43
355
214
167
36
21
80
146
547
499
135
608
165
428
202
177
225
270
170
501
275
465
212
261
361
182
652
508
577
22
236
183
651
70
78
9
492
486
516
405
211
48
56
