44
604
617
356
146
336
96
306
368
776
486
226
31
135
89
198
719
477
38
241
385
435
70
767
532
310
629
393
481
445
768
490
404
430
737
423
317
414
208
180
596
110
568
128
633
316
68
303
69
557
408
656
119
24
599
770
289
779
94
468
202
456
528
681
506
342
233
9
363
331
125
563
618
444
227
544
204
483
748
608
428
279
443
722
268
573
707
275
543
219
682
740
726
224
5
175
185
378
758
667
112
540
271
62
487
541
103
283
399
151
43
351
14
365
625
678
171
252
431
465
627
249
575
122
3
742
304
281
644
705
108
462
521
447
59
736
51
147
738
749
145
603
724
302
66
491
235
421
623
259
648
635
357
545
390
157
16
10
215
745
765
95
777
584
518
87
455
148
158
615
83
156
104
391
645
23
265
339
432
687
182
524
142
343
163
762
90
542
329
214
492
425
631
231
579
720
785
689
386
553
290
160
673
28
764
616
499
211
389
341
397
752
735
668
115
161
639
530
396
312
503
502
624
177
42
652
585
173
591
537
250
586
601
67
620
188
170
401
73
706
562
187
536
698
282
454
780
381
45
308
702
169
154
294
106
522
446
751
725
324
581
774
4
525
418
239
732
57
350
2
607
513
18
380
402
284
475
131
201
53
527
12
164
395
569
195
434
186
313
437
269
565
507
582
394
519
576
301
382
640
572
305
17
245
311
340
610
348
141
253
375
332
347
571
449
193
262
564
372
534
277
552
680
152
511
65
727
587
538
116
388
512
37
181
769
263
209
699
99
315
696
134
121
461
787
420
497
133
514
221
61
240
34
213
526
58
663
85
60
643
191
256
374
723
32
775
469
588
138
162
280
685
344
77
377
334
354
102
264
760
718
167
583
392
251
267
39
529
704
355
248
118
178
659
327
641
713
666
345
642
286
637
27
78
419
548
325
207
485
242
595
424
695
734
650
761
46
318
124
384
660
93
473
26
36
638
179
671
427
547
458
561
441
229
205
721
539
71
476
412
714
675
664
278
474
189
72
626
531
139
366
684
80
247
367
288
8
457
495
670
574
246
657
114
254
488
619
501
155
460
54
744
298
750
225
647
759
654
84
300
359
782
335
533
176
296
320
370
754
86
168
236
613
260
232
716
609
772
21
712
690
550
165
697
63
129
622
459
230
686
646
535
326
234
272
222
297
662
559
773
703
120
403
153
328
218
285
700
132
371
238
75
598
48
257
416
440
88
25
709
546
504
677
755
362
409
144
406
500
210
184
451
688
352
756
15
578
373
634
520
150
274
159
111
493
551
728
489
593
244
387
410
692
55
109
471
273
478
676
470
107
194
338
217
580
665
398
763
166
197
450
74
323
632
199
516
50
731
258
415
556
694
463
81
319
729
92
337
261
515
494
452
6
405
123
11
621
655
433
358
314
322
747
438
79
753
192
360
7
101
190
287
746
299
661
555
400
364
508
523
255
505
472
270
701
30
781
710
466
47
105
98
266
436
479
741
220
590
480
361
20
13
346
413
172
411
422
216
35
630
606
484
717
566
29
203
743
628
429
379
778
136
594
22
143
649
127
383
708
56
766
496
417
40
605
439
733
612
467
784
130
292
614
212
64
442
658
126
149
426
223
228
558
41
291
174
200
674
482
453
49
91
783
206
183
82
19
353
669
739
730
407
611
117
589
757
321
369
554
577
672
137
76
549
33
711
560
653
196
602
349
309
592
1
786
509
276
597
691
52
307
97
693
237
683
679
651
600
771
330
464
567
498
113
333
295
715
376
243
293
100
517
140
510
636
448
570
